0 0 41 129 
0 80 624 156 
0 108 563 140 
0 109 262 207 
0 110 246 192 
0 110 246 214 
0 112 110 190 
0 130 390 217 
0 169 587 209 
0 169 587 216 
0 177 245 295 
0 180 501 206 
0 180 501 208 
0 206 350 292 
0 216 637 251 
0 216 637 269 
0 216 637 277 
0 232 633 479 
0 245 441 334 
0 311 556 344 
15 0 49 50 
15 20 127 112 
15 20 127 131 
16 24 204 131 
17 123 513 187 
17 123 513 191 
24 181 295 225 
29 206 350 242 
29 206 350 292 
30 319 251 414 
39 249 443 297 
49 116 232 217 
50 0 87 126 
51 224 438 292 
55 0 140 117 
55 55 605 167 
55 59 637 155 
60 26 104 47 
61 32 639 186 
76 261 157 304 
82 79 510 208 
82 112 231 156 
82 112 231 214 
82 130 405 156 
82 130 405 183 
82 130 405 187 
82 238 160 294 
83 135 264 183 
88 0 131 36 
88 7 200 127 
93 176 571 216 
94 121 141 202 
103 284 639 346 
110 12 158 55 
110 17 186 40 
113 185 485 208 
116 80 624 125 
116 80 624 156 
116 82 619 123 
117 191 182 219 
117 231 241 259 
117 231 241 277 
120 44 565 114 
120 67 192 110 
121 454 532 475 
121 454 532 479 
132 11 177 198 
132 116 245 214 
133 438 178 479 
134 12 158 55 
134 41 639 175 
134 456 515 479 
135 245 178 266 
135 245 178 277 
136 14 191 169 
136 263 276 295 
137 0 162 36 
138 121 442 193 
146 169 587 207 
146 169 587 209 
147 0 193 53 
147 253 639 277 
151 114 585 166 
154 405 636 443 
154 405 636 463 
154 405 636 479 
156 172 639 317 
157 88 246 212 
162 0 198 67 
168 0 246 223 
169 44 565 114 
172 365 349 424 
177 409 639 479 
178 55 605 167 
188 115 321 219 
198 114 563 156 
203 359 615 479 
206 0 253 63 
207 0 255 91 
209 39 252 75 
217 233 429 274 
228 296 397 331 
228 329 587 363 
231 0 512 213 
235 154 475 261 
240 150 486 187 
247 202 408 250 
264 162 361 221 
282 181 437 209 
282 232 639 269 
293 213 324 235 
340 131 594 171 
340 155 384 207 
352 181 467 256 
369 144 570 191 
372 126 600 205 
372 126 600 211 
377 197 421 219 
387 295 639 457 
415 126 622 187 
419 122 514 219 
419 429 479 463 
423 141 475 211 
436 221 517 287 
442 55 583 175 
453 155 541 188 
459 444 559 479 
515 0 639 185 
579 80 624 125 
